908
51
224
444
317
890
142
781
60
326
72
516
485
351
327
196
798
542
856
573
916
489
669
37
818
32
864
221
267
639
506
975
369
184
99
46
961
703
627
964
200
15
863
458
465
483
286
879
782
765
546
876
192
176
134
872
972
219
966
559
645
93
173
747
206
344
74
679
215
982
198
702
603
691
968
755
222
425
427
760
601
387
236
629
407
234
163
815
534
841
454
94
839
682
367
100
716
125
366
875
617
153
526
550
594
61
209
456
901
940
356
139
372
699
133
17
28
899
906
325
474
763
80
732
350
318
860
577
448
378
828
471
253
314
651
536
991
607
578
719
96
103
186
469
360
950
361
171
649
105
289
160
704
938
538
867
757
189
460
997
610
999
339
742
512
97
568
385
48
430
84
343
535
811
355
394
162
437
187
973
734
135
660
91
792
948
398
447
994
788
353
490
509
604
421
332
365
697
829
521
632
862
561
852
449
462
540
205
599
380
110
995
290
945
807
270
161
442
357
549
482
180
633
376
733
492
606
70
510
989
802
263
941
845
271
935
770
241
851
754
946
52
455
287
348
90
319
803
242
566
869
467
152
178
898
484
565
943
217
127
992
978
10
574
924
769
172
709
937
334
900
76
128
609
932
951
581
409
240
288
891
882
933
412
771
20
247
840
919
892
759
625
624
695
706
885
89
936
934
600
49
451
12
986
436
520
213
151
313
881
819
756
443
838
764
475
929
307
853
787
66
511
109
292
143
541
596
657
553
650
665
611
507
472
185
479
654
761
294
708
731
586
291
115
791
322
229
926
214
955
406
208
417
249
431
181
814
796
998
461
816
120
531
666
392
576
68
476
591
57
739
399
340
157
150
545
359
207
711
370
638
833
821
988
496
486
295
647
637
144
515
414
614
662
672
555
303
131
501
264
40
375
737
715
275
773
904
710
320
140
478
323
685
689
618
939
108
464
817
893
547
775
481
136
402
967
330
371
117
463
809
42
324
517
362
878
368
297
432
33
888
556
914
298
301
673
797
996
158
917
58
69
418
928
880
106
767
913
907
724
383
827
643
165
727
572
615
232
777
382
795
225
498
801
53
104
238
533
59
857
285
980
776
721
977
805
299
595
95
81
354
191
3
265
785
714
729
528
850
503
34
174
87
25
690
830
338
239
592
532
849
575
92
197
784
947
82
79
296
560
5
861
24
744
304
269
149
390
315
71
428
16
524
741
505
931
813
826
976
466
832
410
426
477
835
626
246
513
195
166
910
653
671
401
342
527
963
2
62
170
927
29
268
9
363
446
551
423
953
123
457
619
825
7
700
717
64
114
358
283
886
300
749
847
111
422
47
132
836
262
613
628
280
956
800
274
677
525
397
500
622
243
598
282
230
216
179
278
453
678
167
979
11
38
993
543
656
352
130
720
730
738
949
587
664
119
169
43
590
567
726
582
750
748
203
259
661
384
564
745
644
762
621
902
659
434
45
909
518
145
616
440
154
331
834
701
188
182
772
121
667
589
345
713
433
223
544
962
396
557
98
83
584
333
960
688
252
692
54
683
156
27
790
570
508
571
35
55
473
311
670
954
255
107
751
640
88
958
86
495
429
310
435
190
959
39
983
411
865
445
250
804
923
415
175
159
858
728
855
112
400
102
746
674
491
218
822
220
204
459
889
868
655
413
602
774
336
925
585
141
824
450
122
820
562
487
346
903
210
675
248
244
887
56
686
895
612
942
306
337
266
439
630
284
235
874
539
676
316
393
634
823
944
987
723
905
441
569
806
766
537
22
199
952
488
305
138
499
388
735
548
155
6
256
758
915
930
335
859
254
894
529
308
605
558
722
870
257
148
75
922
694
530
30
391
597
693
44
424
812
405
642
736
652
831
470
65
519
480
73
794
309
990
799
349
698
183
146
663
147
438
635
837
554
227
373
312
420
4
884
921
957
302
854
228
50
21
897
85
126
23
658
493
8
168
258
341
780
842
14
608
374
920
381
648
844
279
912
789
911
193
514
504
194
753
523
969
502
641
31
26
452
347
1000
810
386
786
377
124
668
364
67
404
740
793
687
137
971
705
752
233
636
416
743
231
779
620
846
395
277
13
866
272
877
808
379
965
871
580
768
843
494
646
408
41
631
588
974
680
78
783
681
211
329
261
718
177
113
1
18
245
970
984
623
778
19
896
873
593
281
684
101
201
118
981
202
389
328
403
985
725
63
129
883
497
276
293
563
707
321
273
36
712
579
77
260
468
552
212
164
116
848
696
419
251
226
583
522
237
918